657.026194
6279.144209
5277.025699
4272.160654
3265.240369
2258.521021
1892.156004
885.432716
609.762889
2563.121041
1542.781845
1615.102764
613.70921
43.989167
6.806354
1.569408
5.36621
5.013763
0.981079
1239.072216
3570.393228
2947.959847
2222.11731
1265.663774
2493.722335
1494.692235
1968.076986
962.16691
33.420857
1572.734927
6597.240223
5165.643394
4159.168769
3152.794407
2146.107682
1496.53437
366.795228
24.350675
47.74163
406.433611
4231.168101
3229.392665
2223.244712
1217.700313
332.270504
2.244941
4.795488
2.272933
9.586174