34.705162
32.414663
80.115228
57.255868
29.865573
30.145641
122.85964
30.97455
45.820995
32.126669
811.990491
48.996009
66.068357
37.011656
41.048672
36.402299
43.429807
261.894191
53.207509
30.771998
89.408357
133.611949
101.479924
42.986259
21.537077
40.402303
128.729098
30.090865
36.087379
50.468872
28.126391
32.619137
27.843914
145.972725
28.929877
29.360026
75.614877
29.510241
40.225364
151.569589
44.484088
274.488061
27.693726
49.15986
48.174133
40.833474
20.594643
42.352882
38.807913
69.26628
