669.220501
491.705974
384.557118
452.34
4.186398
1.615694
5.335614
3.029469
6.208761
3.012033
87.591417
681.453302
965.156007
2816.961538
1677.789711
673.727688
10.634479
38.128809
2.150392
1.623035
916.04148
2883.706715
1881.392446
880.271024
166.423991
112.255633
44.357488
83.983845
44.761569
28.817648
559.144597
457.314948
55.630217
85.51597
35.902047
62.305544
74.41681
116.746411
307.627564
135.813665
962.288871
705.29473
1594.894613
590.100343
13.008521
2.551766
2.630545
3.053954
4.102767
4.800919
