620.105617
907.367003
911.939831
707.48967
52.528517
52.180417
33.636376
111.820729
94.207408
61.22955
429.966622
477.866452
344.66378
255.944973
140.36225
49.300479
59.128383
54.148628
33.783877
96.41063
5234.974074
4120.322374
3116.738681
2097.943478
1094.645113
658.872273
189.457629
51.962994
100.088257
115.502894
720.151063
1120.497606
936.660117
1158.048827
481.642619
58.49984
56.888368
467.274904
78.453411
96.028565
4618.527997
3609.462769
2606.45348
1601.922268
890.260596
980.12721
677.420075
302.165635
489.841863
203.97968
